255 255 255 254 235 204 182 171 171 182 204 235 254 255 255 255
255 255 244 195 168 165 168 169 169 168 165 167 195 244 255 255
255 243 191 177 171 183 172 174 173 173 181 179 179 191 243 255
254 190 198 196 213 192 197 195 211 209 195 203 211 181 189 254
227 166 200 195 208 193 193 187 204 214 194 197 196 174 166 227
195 168 186 189 180 191 182 183 182 183 189 185 183 181 168 195
174 179 246 251 251 250 251 251 251 251 250 251 251 247 179 174
168 181 251 255 255 255 255 255 255 255 255 255 255 252 181 168
177 177 238 242 240 241 241 240 240 240 241 240 242 238 178 177
200 167 171 179 185 181 176 187 188 186 182 186 175 171 167 200
233 168 166 198 202 214 207 200 202 212 198 218 185 167 168 233
255 200 163 196 201 197 210 191 191 207 197 205 185 164 200 255
255 250 193 168 176 172 171 172 171 175 175 170 168 193 250 255
255 255 254 216 179 172 173 174 174 172 172 180 217 254 255 255
206 206 208 209 195 168 148 139 139 148 168 195 209 206 206 206
25 36 46 28 16 20 19 17 17 19 19 21 31 29 32 25
