255 255 255 253 196 104 37 4 4 37 104 196 253 255 255 255
255 255 224 75 0 0 0 0 0 0 0 0 74 224 255 255
255 220 64 22 6 41 10 13 13 12 34 28 29 64 220 255
251 63 89 79 131 68 82 77 126 121 76 102 125 38 62 251
172 0 94 78 117 70 74 56 105 137 75 84 86 18 0 172
78 0 50 57 32 65 36 39 37 41 59 45 40 32 0 78
15 28 230 243 243 240 243 243 243 243 241 242 245 232 28 15
0 33 245 255 255 255 255 255 255 255 255 255 255 245 33 0
23 23 206 215 211 213 214 211 211 211 212 211 217 205 23 23
93 0 4 29 48 35 20 54 55 51 39 50 15 5 0 94
190 0 0 89 98 136 113 94 98 127 89 149 48 0 0 190
255 93 0 81 97 84 122 68 66 113 85 108 46 0 93 255
255 240 71 0 18 7 6 5 4 16 16 4 0 71 240 255
255 255 248 128 16 0 0 0 0 0 0 18 128 248 255 255
206 207 210 216 174 93 33 7 7 33 93 174 215 208 206 206
26 36 47 29 21 27 25 19 19 25 27 26 32 30 33 26
