255 255 255 253 196 104 37 4 4 37 104 196 253 255 255 255
255 255 224 75 0 0 0 0 0 0 0 0 74 224 255 255
255 220 64 22 6 41 10 13 13 12 33 28 29 64 220 255
251 63 89 79 131 68 82 77 126 121 76 102 125 37 62 251
172 0 94 78 116 70 74 56 104 137 75 84 86 18 0 172
78 0 50 57 32 64 36 39 37 41 59 45 40 32 0 78
15 28 230 243 243 240 243 243 243 242 241 242 245 232 28 15
0 33 245 255 255 255 255 255 255 255 255 255 255 245 33 0
23 23 205 215 211 213 214 211 211 211 212 211 217 205 23 23
93 0 4 29 48 35 20 54 55 51 39 50 15 5 0 93
190 0 0 89 98 136 113 94 97 127 89 148 48 0 0 190
255 93 0 80 97 84 122 68 65 113 85 108 46 0 93 255
255 240 71 0 18 7 6 5 4 16 16 4 0 71 240 255
255 255 248 127 16 0 0 0 0 0 0 18 128 248 255 255
210 210 213 219 177 97 36 10 10 36 97 178 219 212 210 210
43 53 63 46 39 45 43 37 37 43 45 43 49 47 50 43
