255 254 172 146 155 158 154 157 155 155 158 156 147 171 254 255
255 241 158 255 200 141 220 183 210 203 158 187 255 161 241 255
255 241 161 255 123 160 140 86 124 145 105 209 255 164 241 255
255 241 161 253 121 190 129 114 85 150 107 210 255 164 241 255
255 241 161 255 142 113 165 146 132 155 112 189 255 164 241 255
255 241 161 253 246 224 250 244 246 246 232 236 252 164 241 255
255 241 167 181 176 155 162 210 107 210 152 160 205 169 241 255
255 241 167 196 115 95 126 192 82 184 159 93 250 165 241 255
255 241 164 230 81 110 113 162 81 134 206 137 255 164 241 255
255 241 162 250 149 185 171 180 218 174 221 185 255 164 241 255
255 241 160 255 255 255 255 255 171 216 255 255 255 164 241 255
255 241 162 238 195 196 196 202 90 36 140 237 255 164 241 255
255 241 168 191 23 28 28 28 33 28 15 107 250 165 241 255
255 241 163 240 203 204 204 210 92 40 150 243 255 164 241 255
255 241 158 254 255 255 255 255 178 220 255 255 255 161 241 255
255 254 169 149 153 153 153 153 159 157 153 153 149 169 254 255
