255 255 236 193 195 196 196 197 198 198 199 197 198 245 255 255
255 255 158 166 186 185 196 200 201 204 191 200 175 192 255 255
255 255 159 212 139 124 195 132 180 177 120 196 218 189 255 255
255 255 163 187 144 181 148 85 107 164 113 238 216 189 255 255
255 255 163 200 127 128 169 152 95 164 123 205 215 187 255 255
255 255 163 208 206 192 231 223 225 223 196 210 207 184 255 255
255 255 164 202 151 124 144 209 121 193 177 159 193 183 255 255
255 255 164 209 107 48 93 165 64 198 112 161 211 179 255 255
255 255 163 211 120 118 103 127 134 150 161 197 206 175 255 255
255 255 162 203 205 211 199 201 231 205 215 221 198 170 255 255
255 255 161 199 232 232 233 234 231 112 174 235 195 166 255 255
255 255 163 199 120 83 82 82 82 27 9 115 189 164 255 255
255 255 163 197 84 39 42 44 47 20 0 91 185 160 255 255
255 255 158 195 216 214 215 215 218 89 136 222 195 156 255 255
255 255 150 162 184 183 181 180 179 171 182 178 158 150 255 255
255 255 221 165 168 171 171 170 171 173 173 174 174 226 255 255
