255 255 244 204 202 201 202 198 201 200 202 202 203 242 255 255
255 255 184 148 166 159 167 155 159 160 156 156 146 171 255 255
255 255 181 178 133 115 171 115 148 163 105 140 179 168 255 255
255 255 184 166 124 155 135 88 84 151 89 168 173 165 255 255
255 255 179 169 115 112 148 121 88 147 94 148 167 168 255 255
255 255 178 167 171 153 177 168 169 174 152 153 164 169 255 255
255 255 181 149 106 99 129 158 103 161 129 130 152 170 255 255
255 255 182 157 64 44 133 117 65 171 95 118 170 174 255 255
255 255 177 161 99 90 134 92 82 139 135 149 168 169 255 255
255 255 173 160 173 165 165 162 180 170 171 176 165 169 255 255
255 255 173 159 194 189 188 192 162 116 184 194 163 172 255 255
255 255 173 163 128 75 77 80 76 31 65 163 168 174 255 255
255 255 174 166 130 72 79 69 67 27 53 158 168 174 255 255
255 255 175 164 200 197 194 199 171 105 186 200 165 175 255 255
255 255 185 126 148 147 147 143 151 151 149 149 125 185 255 255
255 255 247 211 206 205 204 204 207 202 203 205 208 248 255 255
