255 254 173 148 156 159 155 158 156 156 159 157 148 172 254 255
255 241 159 255 200 142 220 184 210 203 159 188 255 163 241 255
255 241 163 255 123 161 141 88 125 146 106 209 255 166 241 255
255 241 163 253 121 190 130 115 87 151 108 210 255 166 241 255
255 241 162 255 143 114 166 147 133 156 113 190 255 166 241 255
255 241 163 253 246 225 250 244 246 246 232 236 252 166 241 255
255 241 169 182 177 155 163 210 109 211 153 162 206 170 241 255
255 241 169 197 116 97 127 192 83 185 160 94 250 167 241 255
255 241 166 230 82 111 115 163 82 135 206 138 255 165 241 255
255 241 163 250 150 186 172 180 218 176 221 186 255 166 241 255
255 241 162 255 255 255 255 255 162 211 255 255 255 165 241 255
255 241 164 237 188 189 189 196 72 7 125 235 255 166 241 255
255 241 170 184 0 0 0 0 1 0 0 89 250 167 241 255
255 241 164 238 196 197 197 204 74 11 136 242 255 166 241 255
255 241 159 254 255 255 255 255 170 215 255 255 255 162 241 255
255 254 171 150 154 154 154 154 161 159 154 154 150 170 254 255
