255 254 171 146 155 157 153 156 154 154 157 155 146 171 254 255
255 241 157 255 200 140 220 183 209 203 158 187 255 161 241 255
255 241 161 255 122 159 139 85 123 145 105 209 255 164 241 255
255 241 161 253 120 189 129 113 84 150 106 210 255 164 241 255
255 241 160 255 142 112 165 145 131 155 111 189 255 164 241 255
255 241 160 253 246 224 250 244 246 246 232 236 252 164 241 255
255 241 167 180 176 154 162 209 106 210 152 160 205 169 241 255
255 241 167 196 114 94 125 191 81 184 159 92 250 165 241 255
255 241 164 230 80 109 113 162 80 134 206 136 255 164 241 255
255 241 161 250 149 185 171 180 218 174 221 185 255 164 241 255
255 241 160 255 255 255 255 255 169 214 255 255 255 164 241 255
255 241 162 238 193 194 194 201 83 25 135 237 255 164 241 255
255 241 168 188 13 17 17 17 22 16 3 100 250 165 241 255
255 241 162 240 201 202 202 209 85 30 146 242 255 164 241 255
255 241 157 254 255 255 255 255 176 219 255 255 255 161 241 255
255 254 169 148 152 152 152 152 158 157 152 152 148 169 254 255
