255 255 244 202 200 199 201 196 199 199 200 201 202 241 255 255
255 255 182 147 165 158 166 152 157 158 155 156 144 169 255 255
255 255 179 176 129 110 168 111 144 161 104 138 177 167 255 255
255 255 182 163 120 151 130 84 80 149 86 166 171 164 255 255
255 255 177 168 112 109 145 118 84 146 93 146 167 167 255 255
255 255 176 166 168 148 175 167 168 172 151 150 162 169 255 255
255 255 179 147 101 95 128 157 100 159 127 126 150 169 255 255
255 255 180 156 61 39 129 114 60 168 90 114 167 171 255 255
255 255 174 159 96 86 129 87 77 133 128 145 164 166 255 255
255 255 172 159 171 163 163 160 177 165 165 171 159 166 255 255
255 255 170 156 193 188 186 191 158 109 178 189 159 169 255 255
255 255 170 158 124 70 71 74 69 24 59 158 162 172 255 255
255 255 171 160 125 66 72 63 60 20 47 152 161 171 255 255
255 255 172 159 195 191 189 193 164 98 180 195 158 171 255 255
255 255 183 121 143 141 141 137 144 144 143 143 118 181 255 255
255 255 247 209 203 203 203 202 205 199 200 202 206 247 255 255
