255 255 246 167 164 167 167 167 167 167 167 164 166 246 255 255
255 255 239 194 255 255 255 255 255 255 255 255 194 239 255 255
255 255 239 194 255 255 239 249 247 239 254 255 194 239 255 255
255 255 239 194 255 233 138 136 137 156 252 255 194 239 255 255
255 255 239 194 255 224 143 113 99 161 253 255 194 239 255 255
255 255 239 194 255 248 179 205 192 193 253 255 194 239 255 255
255 255 239 194 255 227 202 207 193 199 240 255 194 239 255 255
255 255 239 194 255 207 94 132 117 134 245 255 194 239 255 255
255 255 239 194 255 228 122 143 145 179 255 255 194 239 255 255
255 255 239 194 255 254 239 253 255 253 255 255 194 239 255 255
255 255 239 195 249 130 149 220 220 220 217 231 195 239 255 255
255 255 239 201 169 16 38 41 41 41 33 111 199 239 255 255
255 255 239 195 243 112 148 216 216 216 215 229 195 239 255 255
255 255 239 194 255 252 240 255 255 255 255 255 194 239 255 255
255 255 239 194 255 255 255 255 255 255 255 255 194 239 255 255
255 255 246 166 164 166 166 166 166 166 166 164 166 246 255 255
