255 255 246 167 164 167 167 167 167 167 167 164 166 246 255 255
255 255 239 194 255 255 255 255 255 255 255 255 194 239 255 255
255 255 239 194 255 255 239 249 247 239 254 255 194 239 255 255
255 255 239 194 255 233 137 138 137 156 252 255 194 239 255 255
255 255 239 194 255 224 143 115 101 161 253 255 194 239 255 255
255 255 239 194 255 248 179 205 193 193 253 255 194 239 255 255
255 255 239 194 255 227 203 207 193 199 240 255 194 239 255 255
255 255 239 194 255 207 96 132 118 134 245 255 194 239 255 255
255 255 239 194 255 228 122 143 146 179 255 255 194 239 255 255
255 255 239 194 255 254 239 253 255 253 255 255 194 239 255 255
255 255 239 195 249 133 151 221 221 221 218 231 195 239 255 255
255 255 239 201 170 21 42 45 45 45 37 112 199 239 255 255
255 255 239 195 243 115 150 217 217 217 216 229 195 239 255 255
255 255 239 194 255 252 240 255 255 255 255 255 194 239 255 255
255 255 239 194 255 255 255 255 255 255 255 255 194 239 255 255
255 255 246 167 165 167 167 167 167 167 167 165 167 246 255 255
