255 255 236 194 196 198 198 197 197 198 199 197 198 245 255 255
255 255 159 169 187 185 197 200 201 203 191 200 175 192 255 255
255 255 160 211 140 126 195 133 181 178 124 196 218 189 255 255
255 255 163 186 144 183 150 88 111 167 117 238 216 189 255 255
255 255 163 200 127 129 170 155 101 167 126 205 215 187 255 255
255 255 163 208 206 192 231 224 227 225 199 211 207 184 255 255
255 255 164 202 151 126 147 210 125 196 179 159 193 183 255 255
255 255 164 209 110 52 98 167 70 199 116 163 211 179 255 255
255 255 162 208 122 120 106 128 137 151 165 199 206 176 255 255
255 255 162 199 202 209 198 200 229 205 216 221 199 170 255 255
255 255 160 195 227 229 231 230 227 115 176 232 195 167 255 255
255 255 162 195 121 86 85 82 84 29 15 118 186 166 255 255
255 255 162 194 85 44 46 47 50 21 3 94 183 162 255 255
255 255 157 191 211 209 210 211 213 88 135 216 192 158 255 255
255 255 149 159 179 178 177 178 176 167 179 175 156 152 255 255
255 255 221 164 167 170 170 170 171 172 173 174 174 226 255 255
