255 255 243 199 197 196 198 195 198 198 200 199 200 240 255 255
255 255 179 144 165 158 165 151 156 159 157 161 150 166 255 255
255 255 177 178 127 107 167 108 142 163 101 138 183 165 255 255
255 255 180 164 119 150 127 78 74 147 81 165 172 161 255 255
255 255 176 169 109 104 142 113 78 142 86 144 166 164 255 255
255 255 175 166 168 146 175 166 168 172 148 145 161 165 255 255
255 255 177 146 98 89 123 154 98 158 122 121 146 167 255 255
255 255 177 154 54 30 124 110 54 166 83 107 165 168 255 255
255 255 171 156 89 79 125 83 72 130 122 141 163 163 255 255
255 255 169 156 168 161 162 158 175 162 163 169 158 162 255 255
255 255 167 154 191 186 187 190 155 103 175 188 156 165 255 255
255 255 168 156 119 63 66 69 62 13 50 156 161 167 255 255
255 255 169 157 118 57 65 57 51 9 37 150 159 166 255 255
255 255 169 155 192 188 187 191 159 92 178 194 156 167 255 255
255 255 179 116 139 138 137 133 139 141 141 140 113 177 255 255
255 255 246 207 201 201 200 200 203 198 199 201 203 247 255 255
