255 255 236 193 195 197 197 198 198 198 199 197 198 245 255 255
255 255 158 167 186 185 196 200 201 204 191 200 175 192 255 255
255 255 159 212 139 124 195 132 180 177 121 196 218 189 255 255
255 255 163 187 144 181 148 85 107 165 114 238 216 189 255 255
255 255 163 200 127 128 169 153 96 165 124 205 215 187 255 255
255 255 163 208 206 192 231 223 226 224 196 210 207 184 255 255
255 255 164 202 151 124 145 209 122 193 177 159 193 183 255 255
255 255 164 209 107 49 94 165 65 198 113 162 211 179 255 255
255 255 163 211 120 119 103 127 134 152 162 197 207 177 255 255
255 255 162 203 204 210 199 201 231 206 216 221 199 171 255 255
255 255 161 198 231 232 233 234 230 112 174 234 196 167 255 255
255 255 163 199 120 83 83 82 83 27 9 116 189 165 255 255
255 255 163 197 84 40 43 44 48 20 0 91 185 160 255 255
255 255 158 194 215 213 214 215 217 89 136 221 195 156 255 255
255 255 150 161 183 182 181 180 179 170 182 177 157 150 255 255
255 255 221 165 168 171 171 170 171 173 173 174 174 226 255 255
