246 246 246 248 243 224 212 206 207 211 224 242 248 246 245 246
245 245 249 224 202 222 241 247 247 242 224 205 226 248 245 245
246 249 209 149 217 255 253 251 251 253 255 223 161 212 248 246
248 223 143 145 154 223 255 251 251 255 226 161 161 163 225 248
241 198 215 149 142 164 226 254 255 227 158 149 162 221 206 241
218 215 255 221 149 155 170 227 227 160 148 155 220 255 226 223
204 190 193 206 218 159 159 167 158 148 156 204 190 196 222 213
201 187 207 183 246 224 158 154 149 159 226 233 189 201 207 210
201 189 183 196 255 225 155 152 152 161 228 232 182 182 236 210
203 195 239 206 210 151 145 154 155 151 160 206 219 227 206 213
215 215 255 223 151 144 153 222 222 153 150 161 224 255 224 223
239 193 216 150 146 155 221 255 255 221 153 149 160 219 203 242
248 217 145 143 154 221 255 252 252 255 221 154 151 152 222 248
246 248 205 149 216 255 253 252 251 253 255 218 154 210 248 246
245 246 247 219 193 214 238 245 245 239 221 201 225 249 245 246
246 245 245 248 239 216 201 198 200 207 223 242 248 245 245 246
