246 246 246 249 237 206 185 176 179 187 208 237 249 246 245 246
245 246 248 206 169 189 211 219 220 212 194 176 210 248 246 245
246 248 185 108 187 230 225 223 222 223 233 193 120 192 248 246
249 207 105 99 113 192 229 224 222 228 196 117 111 123 210 249
236 168 185 108 97 121 198 230 229 194 114 103 117 190 179 238
202 184 227 191 109 107 125 199 197 116 102 112 187 228 198 208
180 156 157 173 188 115 110 122 115 102 114 171 155 162 191 189
173 152 174 146 215 194 116 108 104 115 195 202 152 166 174 183
174 155 148 161 228 193 113 106 106 118 198 203 145 145 207 183
180 161 208 172 178 109 100 111 113 105 118 174 186 197 174 190
200 184 229 192 109 100 110 191 193 112 104 119 194 232 193 207
234 164 184 109 101 111 189 226 226 191 111 103 119 189 172 237
249 202 110 98 111 190 229 223 220 226 192 112 105 111 205 249
246 247 186 111 183 230 225 225 224 224 232 186 111 187 248 246
245 246 247 203 164 182 208 218 218 208 189 168 206 249 245 246
246 245 246 249 234 199 177 168 170 179 205 237 249 245 245 246
