246 245 248 251 201 125 69 43 48 79 136 207 250 248 245 246
245 250 234 114 31 15 13 14 15 17 27 53 131 236 249 245
249 234 89 50 31 8 12 12 11 11 8 27 66 111 236 248
250 117 50 68 67 31 9 12 12 10 24 64 77 69 134 250
203 38 33 64 66 72 32 10 10 24 63 71 66 30 58 208
129 17 9 32 64 72 75 31 23 65 70 64 26 7 29 142
73 40 43 41 35 68 73 71 64 69 62 36 45 43 32 87
45 51 36 49 15 32 66 70 68 66 23 26 51 41 39 58
47 51 52 43 7 22 64 70 69 70 28 25 56 56 22 58
77 42 20 42 29 59 69 63 65 70 68 44 32 30 41 81
134 21 6 23 61 69 63 23 32 66 70 72 31 6 24 135
205 46 23 59 70 64 24 9 10 34 67 69 70 31 41 205
249 127 61 68 63 25 9 12 11 10 34 67 72 55 120 250
248 234 107 62 25 8 12 12 12 11 9 34 53 93 235 248
245 250 234 126 43 18 13 14 12 12 14 31 116 234 249 245
246 245 248 250 203 130 72 39 37 67 124 201 250 248 245 246
