255 255 255 255 255 255 255 255 255 255 255 255 255 255 255 255
255 255 255 255 255 255 255 255 255 255 255 255 255 255 255 255
255 255 255 255 254 232 225 226 226 225 232 253 255 255 255 255
255 255 255 254 230 219 223 223 223 223 219 229 254 255 255 255
255 255 254 230 220 226 225 225 225 225 226 220 229 253 255 255
255 255 233 217 223 223 223 223 223 223 223 223 217 232 255 255
255 255 226 226 233 219 238 224 229 234 223 236 225 225 255 255
255 255 226 226 232 217 234 222 233 231 227 238 227 225 255 255
255 255 227 218 230 228 234 223 234 232 227 235 219 227 255 255
255 255 226 223 232 223 226 221 228 231 221 225 222 226 255 255
255 255 235 218 223 225 223 225 224 223 224 224 219 234 255 255
255 255 255 232 219 225 225 225 225 225 225 219 232 254 255 255
255 255 255 255 232 218 222 222 222 222 218 232 255 255 255 255
255 255 255 255 254 235 228 229 229 228 235 254 255 255 255 255
255 255 255 255 255 255 255 255 255 255 255 255 255 255 255 255
255 255 255 255 255 255 255 255 255 255 255 255 255 255 255 255
