255 255 255 255 255 255 255 255 255 255 255 255 255 255 255 255
255 255 255 255 255 255 255 255 255 255 255 255 255 255 255 255
255 255 255 255 255 212 166 168 168 166 211 255 255 255 255 255
255 255 255 255 206 65 34 37 37 34 64 205 255 255 255 255
255 255 255 206 62 37 42 42 42 42 37 61 204 255 255 255
255 255 215 68 58 50 60 55 52 58 46 53 65 213 255 255
255 255 170 130 209 132 212 155 175 200 131 217 128 168 255 255
255 255 173 126 204 68 180 107 192 196 161 225 153 169 255 255
255 255 174 104 205 135 176 106 193 199 164 185 50 175 255 255
255 255 172 98 192 95 138 80 145 173 112 125 26 175 255 255
255 255 222 73 35 41 41 42 40 41 40 34 75 221 255 255
255 255 255 218 76 37 43 43 43 43 37 75 217 255 255 255
255 255 255 255 218 77 37 40 40 37 76 217 255 255 255 255
255 255 255 255 255 224 187 189 189 186 223 255 255 255 255 255
255 255 255 255 255 255 255 255 255 255 255 255 255 255 255 255
255 255 255 255 255 255 255 255 255 255 255 255 255 255 255 255
