255 255 255 255 255 255 255 255 255 255 255 255 255 255 255 255
255 255 255 255 255 255 255 255 255 255 255 255 255 255 255 255
255 255 255 255 255 207 152 155 155 152 206 255 255 255 255 255
255 255 255 255 201 31 0 0 0 0 29 199 255 255 255 255
255 255 255 200 29 0 0 0 0 0 0 27 198 255 255 255
255 255 211 33 18 9 20 15 13 20 5 12 29 208 255 255
255 255 159 110 204 112 206 139 163 192 110 213 108 157 255 255
255 255 160 102 197 33 167 80 183 189 146 223 135 156 255 255
255 255 162 77 200 113 162 79 184 192 150 174 10 163 255 255
255 255 162 71 182 65 118 46 126 159 86 104 0 165 255 255
255 255 219 43 0 0 0 0 1 1 0 0 43 218 255 255
255 255 255 215 44 0 0 0 0 0 0 42 214 255 255 255
255 255 255 255 215 44 0 0 0 0 43 214 255 255 255 255
255 255 255 255 255 221 177 179 179 177 220 255 255 255 255 255
255 255 255 255 255 255 255 255 255 255 255 255 255 255 255 255
255 255 255 255 255 255 255 255 255 255 255 255 255 255 255 255
