255 255 255 255 255 255 255 255 255 255 255 255 255 255 255 255
155 119 122 122 122 122 122 122 122 122 122 122 122 122 119 155
154 62 68 68 62 62 62 63 62 62 62 62 68 68 62 152
238 98 69 75 152 159 154 150 154 157 160 153 75 69 96 236
255 183 70 68 176 204 177 164 197 196 192 177 69 70 181 255
255 248 119 66 87 205 215 186 194 193 182 87 66 118 248 255
255 255 207 78 65 139 255 255 255 255 140 65 78 207 255 255
255 255 255 143 66 73 206 255 255 205 73 66 145 255 255 255
255 255 255 228 90 65 113 252 250 110 65 92 229 255 255 255
255 255 255 255 170 68 67 185 181 66 69 173 255 255 255 255
255 255 255 255 243 108 67 83 83 67 112 245 255 255 255 255
255 255 255 255 255 195 74 71 71 75 201 255 255 255 255 255
255 255 255 255 255 253 131 67 67 138 254 255 255 255 255 255
255 255 255 255 255 255 219 80 84 224 255 255 255 255 255 255
255 255 255 255 255 255 255 174 177 255 255 255 255 255 255 255
255 255 255 255 255 255 255 255 255 255 255 255 255 255 255 255
