255 255 255 255 255 255 255 255 255 255 255 255 255 255 255 255
237 195 196 196 196 196 196 196 196 196 196 196 196 196 195 237
186 0 0 0 0 0 0 1 1 0 0 0 0 0 0 189
250 66 0 0 6 18 18 22 21 18 18 6 0 0 67 251
255 193 6 0 104 235 218 215 222 217 238 102 0 6 193 255
255 255 98 0 40 218 168 158 196 170 218 39 0 100 255 255
255 255 219 21 0 118 234 205 206 213 114 0 22 220 255 255
255 255 255 134 0 15 212 255 255 211 14 0 135 255 255 255
255 255 255 240 45 0 85 255 255 84 0 45 240 255 255 255
255 255 255 255 169 0 1 188 186 0 0 170 255 255 255 255
255 255 255 255 253 73 0 31 30 0 74 253 255 255 255 255
255 255 255 255 255 199 9 0 0 10 200 255 255 255 255 255
255 255 255 255 255 255 106 0 0 108 255 255 255 255 255 255
255 255 255 255 255 255 225 23 23 225 255 255 255 255 255 255
255 255 255 255 255 255 255 153 154 255 255 255 255 255 255 255
255 255 255 255 255 255 255 255 255 255 255 255 255 255 255 255
