255 255 255 255 255 255 255 255 255 255 255 255 255 255 255 255
168 108 112 112 112 111 111 111 111 111 111 112 112 112 107 171
151 30 38 38 31 30 30 30 30 30 30 31 38 38 30 154
243 79 39 48 152 175 175 175 174 175 176 151 47 38 80 243
255 185 42 40 173 255 237 234 243 236 255 170 40 42 187 255
255 254 109 34 68 221 183 167 195 181 207 67 34 112 254 255
255 255 216 55 34 131 249 232 229 234 126 34 56 218 255 255
255 255 255 145 35 49 209 255 255 208 47 35 148 255 255 255
255 255 255 239 77 33 99 254 253 97 33 79 241 255 255 255
255 255 255 255 182 41 39 181 178 38 42 185 255 255 255 255
255 255 255 255 254 107 35 57 56 36 110 255 255 255 255 255
255 255 255 255 255 214 54 41 41 55 216 255 255 255 255 255
255 255 255 255 255 255 143 37 36 146 255 255 255 255 255 255
255 255 255 255 255 255 238 70 72 240 255 255 255 255 255 255
255 255 255 255 255 255 255 209 209 255 255 255 255 255 255 255
255 255 255 255 255 255 255 255 255 255 255 255 255 255 255 255
