254 254 255 254 254 254 254 254 254 254 254 254 254 255 255 254
214 195 197 196 196 196 196 196 196 196 196 196 196 196 195 216
209 169 172 173 170 169 169 169 169 169 169 170 172 172 169 210
247 184 173 175 213 222 222 223 222 222 222 213 175 173 185 248
255 223 172 172 222 255 244 243 248 245 255 220 172 173 224 255
255 253 195 171 181 239 219 212 225 217 232 181 171 196 253 255
255 255 235 176 170 204 250 243 242 244 203 171 176 237 255 255
255 255 255 208 170 175 236 255 255 236 174 171 209 255 255 255
255 255 255 246 184 171 192 254 254 192 171 184 246 255 255 255
255 255 255 255 222 172 172 224 223 171 172 223 255 255 255 255
255 255 255 255 253 194 171 178 178 171 195 253 255 255 255 255
255 255 255 255 255 235 176 173 173 176 236 255 255 255 255 255
255 255 255 255 255 255 207 171 171 208 255 255 255 255 255 255
255 255 255 255 255 255 245 181 182 246 255 255 255 255 255 255
255 255 255 255 255 255 255 232 232 255 255 255 255 255 255 255
255 255 255 255 255 255 255 255 255 255 255 255 255 255 255 255
