255 255 255 255 255 255 255 255 255 255 255 255 255 255 255 255
237 195 196 196 196 196 196 196 196 196 196 196 196 196 195 237
186 0 0 1 0 0 0 1 1 0 0 0 0 0 0 188
249 65 0 0 6 18 18 22 21 18 18 6 0 0 67 251
255 192 6 0 104 235 218 215 221 218 237 102 0 7 193 255
255 255 98 0 40 217 168 159 196 171 218 39 0 100 255 255
255 255 219 22 0 117 234 206 207 213 114 0 23 220 255 255
255 255 255 134 0 15 212 255 255 211 15 0 134 255 255 255
255 255 255 240 45 0 85 255 255 84 0 45 239 255 255 255
255 255 255 255 169 0 0 188 186 0 0 170 255 255 255 255
255 255 255 255 253 73 0 31 30 0 74 253 255 255 255 255
255 255 255 255 255 200 9 0 0 9 200 255 255 255 255 255
255 255 255 255 255 255 107 0 0 108 255 255 255 255 255 255
255 255 255 255 255 255 225 23 23 226 255 255 255 255 255 255
255 255 255 255 255 255 255 153 153 255 255 255 255 255 255 255
255 255 255 255 255 255 255 255 255 255 255 255 255 255 255 255
