255 255 255 255 255 255 255 255 255 255 255 255 255 255 255 255
163 97 102 102 102 101 101 101 101 101 101 102 102 102 97 165
145 14 22 22 15 14 14 14 14 14 14 15 22 22 13 147
243 67 24 33 144 170 169 170 168 169 170 143 33 24 68 243
255 180 26 25 167 255 235 232 242 235 255 164 24 27 182 255
255 254 99 18 54 218 177 160 191 175 203 53 18 102 255 255
255 255 214 41 18 122 249 230 227 233 116 18 42 216 255 255
255 255 255 138 20 34 205 255 255 204 34 20 141 255 255 255
255 255 255 239 64 17 88 254 253 85 17 66 240 255 255 255
255 255 255 255 177 26 23 176 173 23 27 180 255 255 255 255
255 255 255 255 254 97 20 42 42 20 100 254 255 255 255 255
255 255 255 255 255 212 39 26 25 41 214 255 255 255 255 255
255 255 255 255 255 255 136 21 22 139 255 255 255 255 255 255
255 255 255 255 255 255 238 58 59 239 255 255 255 255 255 255
255 255 255 255 255 255 255 205 207 255 255 255 255 255 255 255
255 255 255 255 255 255 255 255 255 255 255 255 255 255 255 255
