254 252 252 252 252 252 252 252 252 252 252 253 253 253 253 254
223 225 225 226 226 226 226 226 227 227 227 228 228 227 227 224
221 237 236 234 233 233 233 233 233 233 233 233 235 236 236 220
236 228 235 239 247 245 244 243 244 244 246 247 239 235 228 236
253 226 233 236 255 246 225 222 237 227 247 255 236 233 224 253
255 241 226 233 245 252 241 233 237 234 250 244 233 225 241 255
255 255 228 232 233 252 255 255 255 255 252 233 232 228 255 255
255 255 248 225 233 239 255 255 255 255 239 233 225 248 255 255
255 255 255 235 230 233 249 255 255 249 232 229 234 255 255 255
255 255 255 252 224 234 236 255 255 236 234 226 252 255 255 255
255 255 255 255 240 227 233 245 246 233 227 241 255 255 255 255
255 255 255 255 255 228 232 233 233 232 228 255 255 255 255 255
255 255 255 255 255 246 224 236 236 224 246 255 255 255 255 255
255 255 255 255 255 255 232 230 230 231 255 255 255 255 255 255
255 255 255 255 255 255 250 223 225 251 255 255 255 255 255 255
255 255 255 255 255 255 255 252 252 255 255 255 255 255 255 255
