255 255 255 255 255 255 255 255 255 255 255 255 255 255 255 255
250 246 247 247 247 247 247 247 247 247 247 247 247 247 246 251
246 247 251 251 251 251 251 249 250 251 251 251 251 251 247 246
250 246 253 253 251 251 251 248 249 251 250 251 254 254 246 251
254 247 249 252 246 251 249 250 250 249 251 248 254 249 246 255
255 253 245 252 249 248 236 235 244 239 249 249 252 245 251 255
255 255 248 248 252 246 247 244 244 243 246 252 248 248 254 255
255 255 253 245 252 249 251 255 255 250 249 251 245 253 255 255
255 255 255 249 247 253 247 254 253 247 253 247 250 255 255 255
255 255 255 254 246 252 250 249 249 250 250 246 253 255 255 255
255 255 255 255 251 246 253 249 250 254 246 251 255 255 255 255
255 255 255 255 255 247 249 253 253 250 247 254 255 255 255 255
255 255 255 255 255 252 245 250 250 245 253 255 255 255 255 255
255 255 255 255 255 255 248 247 248 248 255 255 255 255 255 255
255 255 255 255 255 255 254 244 245 253 255 255 255 255 255 255
255 255 255 255 255 255 255 254 254 255 255 255 255 255 255 255
