252 250 250 250 250 250 250 250 250 250 250 250 250 250 250 252
224 233 232 232 232 232 232 232 232 232 232 232 232 232 233 224
227 240 239 239 238 238 239 239 239 239 239 239 239 239 240 227
242 233 239 238 244 245 244 244 244 245 245 245 239 239 233 241
254 231 238 238 247 248 245 245 247 248 247 247 238 238 230 254
255 245 230 239 239 249 250 247 247 247 246 239 239 231 245 255
255 255 234 236 238 243 255 255 255 255 243 238 236 234 255 255
255 255 249 229 239 238 249 255 255 249 238 239 229 249 255 255
255 255 255 238 234 239 241 254 254 241 239 234 238 255 255 255
255 255 255 253 230 238 238 247 247 238 238 230 253 255 255 255
255 255 255 255 243 231 239 239 239 239 231 243 255 255 255 255
255 255 255 255 255 232 237 239 239 236 233 255 255 255 255 255
255 255 255 255 255 247 230 239 239 229 248 255 255 255 255 255
255 255 255 255 255 255 236 235 234 237 255 255 255 255 255 255
255 255 255 255 255 255 252 230 230 252 255 255 255 255 255 255
255 255 255 255 255 255 255 252 253 255 255 255 255 255 255 255
