255 255 233 180 169 165 164 164 164 164 164 158 171 232 255 255
255 255 241 88 32 35 34 35 35 35 36 29 87 243 255 255
255 255 254 141 30 35 31 33 31 30 34 31 142 255 255 255
255 255 255 203 44 51 104 82 96 109 51 43 202 255 255 255
255 255 255 242 86 43 131 87 126 129 46 85 242 255 255 255
255 255 255 255 149 25 107 151 136 86 27 146 255 255 255 255
255 255 255 255 207 42 77 254 255 81 41 206 255 255 255 255
255 255 255 255 244 91 31 213 217 35 89 243 255 255 255 255
255 255 255 255 255 155 22 147 151 22 151 255 255 255 255 255
255 255 255 255 255 212 48 66 68 45 209 255 255 255 255 255
255 255 255 255 255 246 99 28 29 94 245 255 255 255 255 255
255 255 255 255 255 255 161 31 31 156 255 255 255 255 255 255
255 255 255 255 255 255 216 52 49 212 255 255 255 255 255 255
255 255 255 255 255 255 248 97 91 246 255 255 255 255 255 255
255 255 255 255 255 255 255 169 164 255 255 255 255 255 255 255
255 255 255 255 255 255 255 226 224 255 255 255 255 255 255 255
