255 255 255 255 255 255 255 255 255 255 255 255 255 255 255 255
254 237 230 231 231 231 230 231 231 231 231 231 231 230 238 255
245 96 51 56 55 54 54 55 55 55 55 56 56 50 98 247
255 131 15 21 21 20 21 22 22 20 18 19 20 15 134 255
255 228 66 18 43 192 206 205 204 207 189 39 16 67 231 255
255 255 169 26 28 195 255 255 255 255 192 24 25 172 255 255
254 255 244 93 11 79 248 254 252 247 73 12 96 245 255 254
255 252 255 196 40 24 163 255 255 161 17 41 199 255 253 254
255 252 251 252 126 16 51 238 235 51 18 129 252 252 253 254
255 252 252 255 222 56 11 119 120 19 66 223 254 250 252 255
254 253 252 253 255 157 22 23 31 33 163 255 252 251 251 254
255 252 253 253 255 241 83 22 30 92 241 255 254 252 250 254
255 254 252 254 253 255 190 34 39 193 255 255 255 252 252 255
255 255 254 252 253 255 251 120 122 250 255 255 254 254 255 255
255 254 255 255 255 255 255 245 245 255 254 255 255 254 255 255
255 254 255 255 255 255 255 255 255 254 254 255 255 254 255 255
