255 255 255 255 255 255 255 255 255 255 255 255 255 255 255 255
156 103 108 107 107 107 107 107 108 108 108 108 108 109 106 158
112 12 20 21 24 24 25 25 25 25 24 24 21 20 12 111
222 44 22 166 222 213 210 207 211 210 215 222 166 22 44 221
255 144 13 123 255 230 176 166 209 180 232 255 123 14 145 255
255 239 66 23 201 252 218 195 204 195 247 202 24 68 240 255
255 255 180 19 81 251 255 255 255 255 251 80 19 181 255 255
255 255 254 100 13 164 255 255 255 255 165 13 101 253 255 255
255 255 255 212 36 50 233 255 255 234 50 37 213 255 255 255
255 255 255 255 135 10 126 255 255 125 11 138 255 255 255 255
255 255 255 255 235 60 27 213 212 27 62 237 255 255 255 255
255 255 255 255 255 173 20 70 70 20 175 255 255 255 255 255
255 255 255 255 255 251 92 16 16 93 251 255 255 255 255 255
255 255 255 255 255 255 204 31 33 205 255 255 255 255 255 255
255 255 255 255 255 255 255 145 148 255 255 255 255 255 255 255
255 255 255 255 255 255 255 255 255 255 255 255 255 255 255 255
